0.056769 M parameters
step 0: train loss 4.1800, val loss 4.1791
step 20: train loss 3.6074, val loss 3.6479
step 40: train loss 3.3261, val loss 3.3321
step 60: train loss 3.1051, val loss 3.1305
step 80: train loss 2.9561, val loss 2.9651
step 100: train loss 2.8321, val loss 2.8682
step 119: train loss 2.7759, val loss 2.7995

XJad, f zotg pyreds hosn avtfZISp.Tit iuominerl O? umr,n nu, d be e ths meth m ppan ;
Siinowame nf,of,om sHodngthetouc $ smad
Xadr :! .
xeaweN
IB bes,inlon'orakintcth, rOQWhrQd Toke ,s he lnFe j usene

============================================================
  Request Simulator Benchmarks
============================================================

────────────────────────────────────────────────────────────
  Scenario: steady_stream
  Backend: scheduling_policy | Pattern: poisson
────────────────────────────────────────────────────────────
step | pending | waiting | prefill | active | batch | d_tok | p_tok | events       
-----+---------+---------+---------+--------+-------+-------+-------+--------------
0    | 13      | 2       | 1       | 0      | 0     | 0     | 8     | +R0 +R1 +R2  
1    | 10      | 5       | 0       | 1      | 0     | 1     | 2     | +R3 +R4 +R5  
2    | 8       | 6       | 1       | 1      | 1     | 1     | 8     | +R6 +R7      
3    | 7       | 7       | 0       | 2      | 1     | 2     | 4     | +R8          
4    | 5       | 8       | 1       | 2      | 2     | 2     | 8     | +R9 +R10     
5    | 5       | 8       | 0       | 3      | 2     | 3     | 1     |              
6    | 5       | 8       | 0       | 3      | 3     | 3     | 0     |              
7    | 3       | 10      | 0       | 2      | 3     | 3     | 0     | +R11 +R12 ✓R0
8    | 2       | 10      | 1       | 2      | 2     | 2     | 8     | +R13         
9    | 0       | 12      | 0       | 3      | 2     | 3     | 2     | +R14 +R15    
10   | 0       | 11      | 0       | 4      | 3     | 4     | 4     |              
11   | 0       | 11      | 0       | 4      | 4     | 4     | 0     |              
12   | 0       | 11      | 0       | 4      | 4     | 4     | 0     |              
13   | 0       | 11      | 0       | 4      | 4     | 4     | 0     |              
14   | 0       | 11      | 0       | 4      | 4     | 4     | 0     |              
15   | 0       | 11      | 0       | 4      | 4     | 4     | 0     |              
16   | 0       | 11      | 0       | 3      | 4     | 4     | 0     | ✓R2          
17   | 0       | 11      | 0       | 3      | 3     | 3     | 0     |              
18   | 0       | 11      | 0       | 1      | 3     | 3     | 0     | ✓R1 ✓R3      
19   | 0       | 10      | 0       | 2      | 1     | 2     | 5     |              
...  | ...     | ...     | ...     | ...    | ...   | ...   | ...   | ...          
46   | 0       | 2       | 0       | 3      | 4     | 4     | 0     | ✓R10         
47   | 0       | 1       | 0       | 4      | 3     | 4     | 4     |              
48   | 0       | 1       | 0       | 4      | 4     | 4     | 0     |              
49   | 0       | 1       | 0       | 3      | 4     | 4     | 0     | ✓R12         
50   | 0       | 0       | 0       | 4      | 3     | 4     | 4     |              
51   | 0       | 0       | 0       | 4      | 4     | 4     | 0     |              
52   | 0       | 0       | 0       | 4      | 4     | 4     | 0     |              
53   | 0       | 0       | 0       | 4      | 4     | 4     | 0     |              
54   | 0       | 0       | 0       | 4      | 4     | 4     | 0     |              
55   | 0       | 0       | 0       | 4      | 4     | 4     | 0     |              
56   | 0       | 0       | 0       | 3      | 4     | 4     | 0     | ✓R11         
57   | 0       | 0       | 0       | 3      | 3     | 3     | 0     |              
58   | 0       | 0       | 0       | 3      | 3     | 3     | 0     |              
59   | 0       | 0       | 0       | 3      | 3     | 3     | 0     |              
60   | 0       | 0       | 0       | 2      | 3     | 3     | 0     | ✓R13         
61   | 0       | 0       | 0       | 2      | 2     | 2     | 0     |              
62   | 0       | 0       | 0       | 1      | 2     | 2     | 0     | ✓R14         
63   | 0       | 0       | 0       | 1      | 1     | 1     | 0     |              
64   | 0       | 0       | 0       | 1      | 1     | 1     | 0     |              
65   | 0       | 0       | 0       | 0      | 1     | 1     | 0     | ✓R15         

Simulation Summary
==================================================
  Backend:          scheduling_policy
  Arrival pattern:  poisson
  Policy:           fcfs
  Requests:         16 total, 16 completed, 0 cancelled
  Generated tokens: 194
  Wall time:        0.1540s
  Throughput:       1259.37 tokens/sec
  Avg latency:      82.45 ms
  P95 latency:      128.34 ms
  Avg TTFT:         56.79 ms
  P95 TTFT:         95.87 ms
  Avg batch size:   2.78
  Max batch size:   4
==================================================
  Plot saved to simulation_steady_stream.png

────────────────────────────────────────────────────────────
  Scenario: burst_traffic
  Backend: scheduling_policy | Pattern: bursty
────────────────────────────────────────────────────────────
step | pending | waiting | prefill | active | batch | d_tok | p_tok | events               
-----+---------+---------+---------+--------+-------+-------+-------+----------------------
0    | 12      | 3       | 1       | 0      | 0     | 0     | 8     | +R0 +R1 +R2 +R3      
1    | 12      | 3       | 0       | 1      | 0     | 1     | 4     |                      
2    | 12      | 2       | 0       | 2      | 1     | 2     | 6     |                      
3    | 12      | 1       | 1       | 2      | 2     | 2     | 8     |                      
4    | 12      | 1       | 0       | 3      | 2     | 3     | 2     |                      
5    | 12      | 0       | 1       | 3      | 3     | 3     | 8     |                      
6    | 8       | 4       | 0       | 4      | 3     | 4     | 1     | +R4 +R5 +R6 +R7      
7    | 8       | 4       | 0       | 4      | 4     | 4     | 0     |                      
8    | 8       | 4       | 0       | 4      | 4     | 4     | 0     |                      
9    | 8       | 4       | 0       | 4      | 4     | 4     | 0     |                      
10   | 8       | 4       | 0       | 4      | 4     | 4     | 0     |                      
11   | 8       | 4       | 0       | 3      | 4     | 4     | 0     | ✓R0                  
12   | 4       | 8       | 0       | 2      | 3     | 3     | 0     | +R8 +R9 +R10 +R11 ✓R1
13   | 4       | 7       | 1       | 2      | 2     | 2     | 8     |                      
14   | 4       | 7       | 0       | 3      | 2     | 3     | 2     |                      
15   | 4       | 7       | 0       | 2      | 3     | 3     | 0     | ✓R3                  
16   | 4       | 6       | 1       | 2      | 2     | 2     | 8     |                      
17   | 4       | 6       | 0       | 3      | 2     | 3     | 1     |                      
18   | 0       | 10      | 0       | 3      | 3     | 3     | 0     | +R12 +R13 +R14 +R15  
19   | 0       | 10      | 0       | 2      | 3     | 3     | 0     | ✓R2                  
...  | ...     | ...     | ...     | ...    | ...   | ...   | ...   | ...                  
49   | 0       | 1       | 0       | 4      | 3     | 4     | 1     |                      
50   | 0       | 1       | 0       | 4      | 4     | 4     | 0     |                      
51   | 0       | 1       | 0       | 3      | 4     | 4     | 0     | ✓R13                 
52   | 0       | 1       | 0       | 2      | 3     | 3     | 0     | ✓R11                 
53   | 0       | 0       | 1       | 2      | 2     | 2     | 8     |                      
54   | 0       | 0       | 0       | 3      | 2     | 3     | 3     |                      
55   | 0       | 0       | 0       | 2      | 3     | 3     | 0     | ✓R12                 
56   | 0       | 0       | 0       | 2      | 2     | 2     | 0     |                      
57   | 0       | 0       | 0       | 2      | 2     | 2     | 0     |                      
58   | 0       | 0       | 0       | 2      | 2     | 2     | 0     |                      
59   | 0       | 0       | 0       | 2      | 2     | 2     | 0     |                      
60   | 0       | 0       | 0       | 2      | 2     | 2     | 0     |                      
61   | 0       | 0       | 0       | 2      | 2     | 2     | 0     |                      
62   | 0       | 0       | 0       | 2      | 2     | 2     | 0     |                      
63   | 0       | 0       | 0       | 2      | 2     | 2     | 0     |                      
64   | 0       | 0       | 0       | 1      | 2     | 2     | 0     | ✓R14                 
65   | 0       | 0       | 0       | 1      | 1     | 1     | 0     |                      
66   | 0       | 0       | 0       | 1      | 1     | 1     | 0     |                      
67   | 0       | 0       | 0       | 1      | 1     | 1     | 0     |                      
68   | 0       | 0       | 0       | 0      | 1     | 1     | 0     | ✓R15                 

Simulation Summary
==================================================
  Backend:          scheduling_policy
  Arrival pattern:  bursty
  Policy:           fcfs
  Requests:         16 total, 16 completed, 0 cancelled
  Generated tokens: 188
  Wall time:        0.1828s
  Throughput:       1028.28 tokens/sec
  Avg latency:      79.59 ms
  P95 latency:      128.59 ms
  Avg TTFT:         51.02 ms
  P95 TTFT:         93.63 ms
  Avg batch size:   2.57
  Max batch size:   4
==================================================
  Plot saved to simulation_burst_traffic.png

────────────────────────────────────────────────────────────
  Scenario: priority_under_load
  Backend: scheduling_policy | Pattern: poisson
────────────────────────────────────────────────────────────
step | pending | waiting | prefill | active | batch | d_tok | p_tok | events         
-----+---------+---------+---------+--------+-------+-------+-------+----------------
0    | 12      | 3       | 0       | 1      | 0     | 1     | 7     | +R0 +R1 +R2 +R3
1    | 8       | 6       | 0       | 2      | 1     | 2     | 7     | +R4 +R5 +R6 +R7
2    | 7       | 6       | 1       | 2      | 2     | 2     | 8     | +R8            
3    | 5       | 8       | 0       | 3      | 2     | 3     | 2     | +R9 +R10       
4    | 4       | 8       | 0       | 4      | 3     | 4     | 8     | +R11           
5    | 2       | 10      | 1       | 3      | 3     | 3     | 8     | +R12 +R13 P=1  
6    | 0       | 12      | 0       | 4      | 3     | 4     | 1     | +R14 +R15      
7    | 0       | 12      | 1       | 3      | 3     | 3     | 8     | P=1            
8    | 0       | 12      | 0       | 4      | 3     | 4     | 2     |                
9    | 0       | 12      | 0       | 3      | 4     | 4     | 0     | ✓R9            
10   | 0       | 12      | 0       | 3      | 3     | 3     | 0     |                
11   | 0       | 12      | 0       | 3      | 3     | 3     | 0     |                
12   | 0       | 12      | 0       | 3      | 3     | 3     | 0     |                
13   | 0       | 12      | 0       | 2      | 3     | 3     | 0     | ✓R3            
14   | 0       | 11      | 0       | 2      | 2     | 3     | 7     | ✓R11           
15   | 0       | 10      | 0       | 3      | 2     | 3     | 7     |                
16   | 0       | 9       | 1       | 3      | 3     | 3     | 8     |                
17   | 0       | 9       | 0       | 4      | 3     | 4     | 2     |                
18   | 0       | 9       | 0       | 3      | 4     | 4     | 0     | ✓R13           
19   | 0       | 8       | 0       | 4      | 3     | 4     | 8     |                
...  | ...     | ...     | ...     | ...    | ...   | ...   | ...   | ...            
39   | 0       | 2       | 0       | 3      | 4     | 4     | 0     | ✓R12           
40   | 0       | 2       | 0       | 3      | 3     | 3     | 0     |                
41   | 0       | 2       | 0       | 3      | 3     | 3     | 0     |                
42   | 0       | 2       | 0       | 1      | 3     | 3     | 0     | ✓R14 ✓R15      
43   | 0       | 1       | 0       | 2      | 1     | 2     | 7     |                
44   | 0       | 0       | 1       | 2      | 2     | 2     | 8     |                
45   | 0       | 0       | 0       | 3      | 2     | 3     | 1     |                
46   | 0       | 0       | 0       | 2      | 3     | 3     | 0     | ✓R1            
47   | 0       | 0       | 0       | 2      | 2     | 2     | 0     |                
48   | 0       | 0       | 0       | 2      | 2     | 2     | 0     |                
49   | 0       | 0       | 0       | 2      | 2     | 2     | 0     |                
50   | 0       | 0       | 0       | 2      | 2     | 2     | 0     |                
51   | 0       | 0       | 0       | 1      | 2     | 2     | 0     | ✓R4            
52   | 0       | 0       | 0       | 1      | 1     | 1     | 0     |                
53   | 0       | 0       | 0       | 1      | 1     | 1     | 0     |                
54   | 0       | 0       | 0       | 1      | 1     | 1     | 0     |                
55   | 0       | 0       | 0       | 1      | 1     | 1     | 0     |                
56   | 0       | 0       | 0       | 1      | 1     | 1     | 0     |                
57   | 0       | 0       | 0       | 1      | 1     | 1     | 0     |                
58   | 0       | 0       | 0       | 0      | 1     | 1     | 0     | ✓R8            

Simulation Summary
==================================================
  Backend:          scheduling_policy
  Arrival pattern:  poisson
  Policy:           priority
  Requests:         16 total, 16 completed, 0 cancelled
  Generated tokens: 156
  Wall time:        0.1504s
  Throughput:       1037.11 tokens/sec
  Avg latency:      83.09 ms
  P95 latency:      137.23 ms
  Avg TTFT:         60.98 ms
  P95 TTFT:         120.50 ms
  Preemptions:      2
  Avg batch size:   2.57
  Max batch size:   4
==================================================
  Plot saved to simulation_priority_under_load.png

────────────────────────────────────────────────────────────
  Scenario: cancellation_chaos
  Backend: scheduling_policy | Pattern: poisson
────────────────────────────────────────────────────────────
step | pending | waiting | prefill | active | batch | d_tok | p_tok | events       
-----+---------+---------+---------+--------+-------+-------+-------+--------------
0    | 13      | 2       | 1       | 0      | 0     | 0     | 8     | +R0 +R1 +R2  
1    | 10      | 5       | 0       | 1      | 0     | 1     | 2     | +R3 +R4 +R5  
2    | 8       | 6       | 1       | 1      | 1     | 1     | 8     | +R6 +R7      
3    | 7       | 7       | 0       | 2      | 1     | 2     | 4     | +R8          
4    | 5       | 8       | 1       | 2      | 2     | 2     | 8     | +R9 +R10     
5    | 5       | 8       | 0       | 3      | 2     | 3     | 1     |              
6    | 5       | 8       | 0       | 3      | 3     | 3     | 0     |              
7    | 3       | 10      | 0       | 2      | 3     | 3     | 0     | +R11 +R12 ✓R0
8    | 2       | 10      | 1       | 2      | 2     | 2     | 8     | +R13         
9    | 0       | 12      | 0       | 2      | 2     | 3     | 2     | +R14 +R15 ✗R1
10   | 0       | 11      | 0       | 3      | 2     | 3     | 4     |              
11   | 0       | 10      | 0       | 4      | 3     | 4     | 5     |              
12   | 0       | 10      | 0       | 4      | 4     | 4     | 0     |              
13   | 0       | 10      | 0       | 4      | 4     | 4     | 0     |              
14   | 0       | 10      | 0       | 4      | 4     | 4     | 0     |              
15   | 0       | 10      | 0       | 3      | 4     | 4     | 0     | ✗R4          
16   | 0       | 10      | 0       | 2      | 3     | 3     | 0     | ✓R2          
17   | 0       | 9       | 0       | 3      | 2     | 3     | 7     |              
18   | 0       | 8       | 1       | 2      | 3     | 3     | 8     | ✓R3          
19   | 0       | 8       | 0       | 3      | 2     | 3     | 1     |              
...  | ...     | ...     | ...     | ...    | ...   | ...   | ...   | ...          
35   | 0       | 3       | 0       | 2      | 1     | 2     | 4     |              
36   | 0       | 2       | 1       | 2      | 2     | 2     | 8     |              
37   | 0       | 2       | 0       | 3      | 2     | 3     | 2     |              
38   | 0       | 1       | 0       | 3      | 3     | 4     | 4     | ✗R11         
39   | 0       | 0       | 0       | 4      | 3     | 4     | 4     |              
40   | 0       | 0       | 0       | 4      | 4     | 4     | 0     |              
41   | 0       | 0       | 0       | 3      | 4     | 4     | 0     | ✓R12         
42   | 0       | 0       | 0       | 3      | 3     | 3     | 0     |              
43   | 0       | 0       | 0       | 3      | 3     | 3     | 0     |              
44   | 0       | 0       | 0       | 3      | 3     | 3     | 0     |              
45   | 0       | 0       | 0       | 3      | 3     | 3     | 0     |              
46   | 0       | 0       | 0       | 3      | 3     | 3     | 0     |              
47   | 0       | 0       | 0       | 3      | 3     | 3     | 0     |              
48   | 0       | 0       | 0       | 3      | 3     | 3     | 0     |              
49   | 0       | 0       | 0       | 3      | 3     | 3     | 0     |              
50   | 0       | 0       | 0       | 3      | 3     | 3     | 0     |              
51   | 0       | 0       | 0       | 3      | 3     | 3     | 0     |              
52   | 0       | 0       | 0       | 2      | 3     | 3     | 0     | ✓R13         
53   | 0       | 0       | 0       | 1      | 2     | 2     | 0     | ✓R14         
54   | 0       | 0       | 0       | 0      | 1     | 1     | 0     | ✓R15         

Simulation Summary
==================================================
  Backend:          scheduling_policy
  Arrival pattern:  poisson
  Policy:           fcfs
  Requests:         16 total, 12 completed, 4 cancelled
  Generated tokens: 158
  Wall time:        0.1385s
  Throughput:       1140.56 tokens/sec
  Avg latency:      76.76 ms
  P95 latency:      116.72 ms
  Avg TTFT:         48.97 ms
  P95 TTFT:         84.21 ms
  Avg batch size:   2.68
  Max batch size:   4
==================================================
  Plot saved to simulation_cancellation_chaos.png

────────────────────────────────────────────────────────────
  Scenario: interleaved_steady
  Backend: interleaving | Pattern: poisson
────────────────────────────────────────────────────────────
step | pending | waiting | prefill | active | batch | d_tok | p_tok | events     
-----+---------+---------+---------+--------+-------+-------+-------+------------
0    | 9       | 0       | 3       | 0      | 0     | 0     | 8     | +R0 +R1 +R2
1    | 6       | 0       | 5       | 1      | 0     | 1     | 1     | +R3 +R4 +R5
2    | 4       | 0       | 7       | 1      | 1     | 1     | 8     | +R6 +R7    
3    | 3       | 0       | 7       | 2      | 1     | 2     | 2     | +R8        
4    | 1       | 0       | 9       | 2      | 2     | 2     | 8     | +R9 +R10   
5    | 1       | 0       | 8       | 3      | 2     | 3     | 2     |            
6    | 1       | 0       | 8       | 3      | 3     | 3     | 8     |            
7    | 0       | 0       | 8       | 3      | 3     | 4     | 4     | +R11 ✓R0   
8    | 0       | 0       | 8       | 3      | 3     | 3     | 8     |            
9    | 0       | 0       | 7       | 4      | 3     | 4     | 1     |            
10   | 0       | 0       | 7       | 4      | 4     | 4     | 8     |            
11   | 0       | 0       | 6       | 4      | 4     | 5     | 2     | ✓R2        
12   | 0       | 0       | 5       | 5      | 4     | 5     | 4     |            
13   | 0       | 0       | 4       | 6      | 4     | 5     | 5     |            
14   | 0       | 0       | 3       | 7      | 4     | 5     | 7     |            
15   | 0       | 0       | 3       | 7      | 4     | 4     | 8     |            
16   | 0       | 0       | 2       | 8      | 4     | 5     | 1     |            
17   | 0       | 0       | 2       | 8      | 4     | 4     | 8     |            
18   | 0       | 0       | 1       | 8      | 4     | 5     | 3     | ✓R1        
19   | 0       | 0       | 0       | 9      | 4     | 5     | 8     |            
...  | ...     | ...     | ...     | ...    | ...   | ...   | ...   | ...        
22   | 0       | 0       | 0       | 6      | 4     | 4     | 0     | ✓R3        
23   | 0       | 0       | 0       | 6      | 4     | 4     | 0     |            
24   | 0       | 0       | 0       | 6      | 4     | 4     | 0     |            
25   | 0       | 0       | 0       | 6      | 4     | 4     | 0     |            
26   | 0       | 0       | 0       | 6      | 4     | 4     | 0     |            
27   | 0       | 0       | 0       | 5      | 4     | 4     | 0     | ✓R8        
28   | 0       | 0       | 0       | 4      | 4     | 4     | 0     | ✓R6        
29   | 0       | 0       | 0       | 4      | 4     | 4     | 0     |            
30   | 0       | 0       | 0       | 4      | 4     | 4     | 0     |            
31   | 0       | 0       | 0       | 4      | 4     | 4     | 0     |            
32   | 0       | 0       | 0       | 3      | 4     | 4     | 0     | ✓R7        
33   | 0       | 0       | 0       | 3      | 3     | 3     | 0     |            
34   | 0       | 0       | 0       | 3      | 3     | 3     | 0     |            
35   | 0       | 0       | 0       | 3      | 3     | 3     | 0     |            
36   | 0       | 0       | 0       | 2      | 3     | 3     | 0     | ✓R11       
37   | 0       | 0       | 0       | 1      | 2     | 2     | 0     | ✓R9        
38   | 0       | 0       | 0       | 1      | 1     | 1     | 0     |            
39   | 0       | 0       | 0       | 1      | 1     | 1     | 0     |            
40   | 0       | 0       | 0       | 1      | 1     | 1     | 0     |            
41   | 0       | 0       | 0       | 0      | 1     | 1     | 0     | ✓R10       

Simulation Summary
==================================================
  Backend:          interleaving
  Arrival pattern:  poisson
  Requests:         12 total, 12 completed, 0 cancelled
  Generated tokens: 140
  Wall time:        0.0986s
  Throughput:       1419.63 tokens/sec
  Avg latency:      60.16 ms
  P95 latency:      84.47 ms
  Avg TTFT:         24.48 ms
  P95 TTFT:         37.62 ms
  Avg batch size:   3.20
  Max batch size:   4
==================================================
  Plot saved to simulation_interleaved_steady.png

────────────────────────────────────────────────────────────
  Scenario: interleaved_bursty
  Backend: interleaving | Pattern: bursty
────────────────────────────────────────────────────────────
step | pending | waiting | prefill | active | batch | d_tok | p_tok | events           
-----+---------+---------+---------+--------+-------+-------+-------+------------------
0    | 8       | 0       | 4       | 0      | 0     | 0     | 8     | +R0 +R1 +R2 +R3  
1    | 8       | 0       | 3       | 1      | 0     | 1     | 4     |                  
2    | 8       | 0       | 2       | 2      | 1     | 2     | 6     |                  
3    | 8       | 0       | 2       | 2      | 2     | 2     | 8     |                  
4    | 8       | 0       | 1       | 3      | 2     | 3     | 2     |                  
5    | 4       | 0       | 5       | 3      | 3     | 3     | 8     | +R4 +R5 +R6 +R7  
6    | 4       | 0       | 4       | 4      | 3     | 4     | 1     |                  
7    | 4       | 0       | 4       | 4      | 4     | 4     | 8     |                  
8    | 4       | 0       | 3       | 5      | 4     | 5     | 2     |                  
9    | 4       | 0       | 3       | 5      | 4     | 4     | 8     |                  
10   | 0       | 0       | 6       | 6      | 4     | 5     | 1     | +R8 +R9 +R10 +R11
11   | 0       | 0       | 6       | 5      | 4     | 4     | 8     | ✓R0              
12   | 0       | 0       | 5       | 5      | 4     | 5     | 2     | ✓R1              
13   | 0       | 0       | 5       | 5      | 4     | 4     | 8     |                  
14   | 0       | 0       | 4       | 6      | 4     | 5     | 2     |                  
15   | 0       | 0       | 4       | 5      | 4     | 4     | 8     | ✓R3              
16   | 0       | 0       | 3       | 6      | 4     | 5     | 4     |                  
17   | 0       | 0       | 3       | 6      | 4     | 4     | 8     |                  
18   | 0       | 0       | 2       | 6      | 4     | 5     | 1     | ✓R5              
19   | 0       | 0       | 2       | 4      | 4     | 4     | 8     | ✓R2 ✓R4          
...  | ...     | ...     | ...     | ...    | ...   | ...   | ...   | ...              
21   | 0       | 0       | 0       | 6      | 4     | 5     | 4     |                  
22   | 0       | 0       | 0       | 6      | 4     | 4     | 0     |                  
23   | 0       | 0       | 0       | 6      | 4     | 4     | 0     |                  
24   | 0       | 0       | 0       | 5      | 4     | 4     | 0     | ✓R7              
25   | 0       | 0       | 0       | 5      | 4     | 4     | 0     |                  
26   | 0       | 0       | 0       | 5      | 4     | 4     | 0     |                  
27   | 0       | 0       | 0       | 5      | 4     | 4     | 0     |                  
28   | 0       | 0       | 0       | 5      | 4     | 4     | 0     |                  
29   | 0       | 0       | 0       | 5      | 4     | 4     | 0     |                  
30   | 0       | 0       | 0       | 3      | 4     | 4     | 0     | ✓R6 ✓R9          
31   | 0       | 0       | 0       | 3      | 3     | 3     | 0     |                  
32   | 0       | 0       | 0       | 3      | 3     | 3     | 0     |                  
33   | 0       | 0       | 0       | 2      | 3     | 3     | 0     | ✓R10             
34   | 0       | 0       | 0       | 1      | 2     | 2     | 0     | ✓R8              
35   | 0       | 0       | 0       | 1      | 1     | 1     | 0     |                  
36   | 0       | 0       | 0       | 1      | 1     | 1     | 0     |                  
37   | 0       | 0       | 0       | 1      | 1     | 1     | 0     |                  
38   | 0       | 0       | 0       | 1      | 1     | 1     | 0     |                  
39   | 0       | 0       | 0       | 1      | 1     | 1     | 0     |                  
40   | 0       | 0       | 0       | 0      | 1     | 1     | 0     | ✓R11             

Simulation Summary
==================================================
  Backend:          interleaving
  Arrival pattern:  bursty
  Requests:         12 total, 12 completed, 0 cancelled
  Generated tokens: 136
  Wall time:        0.1778s
  Throughput:       764.84 tokens/sec
  Avg latency:      110.93 ms
  P95 latency:      136.04 ms
  Avg TTFT:         43.56 ms
  P95 TTFT:         92.45 ms
  Avg batch size:   3.18
  Max batch size:   4
==================================================
  Plot saved to simulation_interleaved_bursty.png

============================================================
  6 simulation(s) completed.
============================================================
